0.378787878788 3 4 
0.0 1 1 
0.378787878788 5 1 
0.378787878788 5 4 
0.0 1 4 
0.378787878788 4 4 
0.378787878788 2 4 
0.0 0 4 
0.378787878788 3 1 
0.378787878788 2 1 
0.378787878788 4 1 
0.0 0 1 
0.378787878788 3 2 
0.0 0 2 
0.378787878788 6 4 
0.378787878788 5 2 
0.378787878788 6 1 
0.378787878788 7 4 
0.378787878788 7 1 
0.378787878788 8 4 
0.378787878788 2 2 
0.378787878788 10 1 
0.378787878788 8 1 
0.378787878788 7 2 
0.371212121212 10 4 
0.371212121212 9 4 
0.378787878788 9 1 
0.371212121212 11 4 
0.378787878788 11 1 
0.0 1 2 
0.378787878788 4 2 
0.378787878788 6 2 
0.378787878788 12 2 
0.371212121212 13 1 
0.378787878788 12 1 
